30
51732 4 10
4 4 4 4 4 4 6
63829 4 19
4 3 3 3 3 1 4 4 3 3 25
48887 6 19
2 0 0 0 0 0 1 0 2 9
47799 10 33
1 2 0 1 1 2 2 1 0 0 30
61196 13 47
2 1 3 1 5 0 0 0 4 4 39
4380 13 56
4 0 0 5 3 0 0 0 0 4 44
6869 23 93
0 0 0 1 1 2 3 3 0 3 101
27496 34 154
2 2 7 8 6 1 2 0 0 2 260
31791 46 221
3 0 10 0 2 3 4 1 2 0 330
27456 51 371
1 1 0 0 0 1 1 0 1 2 506
2208 94 719
6 5 0 5 7 0 4 5 4 0 1094
64833 172 1294
3 6 0 0 8 0 0 0 1 1 1744
43179 275 1573
0 0 0 1 3 0 0 0 0 2 1768
65393 546 2186
2 3 5 2 0 0 3 6 6 0 3202
63648 678 4346
0 0 2 0 1 2 1 1 2 2 5866
47051 1280 7727
0 0 0 0 0 0 0 0 0 0 9732
64701 2064 10308
0 0 1 0 0 1 0 0 0 0 12556
37855 3994 17086
0 0 0 0 2 0 0 4 1 1 23713
35488 6138 18232
0 1 1 0 0 0 1 1 1 2 17255
30838 7672 30747
0 0 2 0 2 4 9 0 0 2 46795
64392 9099 33339
0 0 1 0 0 0 0 0 0 0 37009
46438 9710 46272
0 0 2 1 2 2 0 2 0 1 64401
51993 18194 51762
0 0 0 0 0 0 0 0 0 0 70657
2280 26909 54042
1 1 6 14 7 14 0 7 7 0 134731
25883 48199 79925
9 10 25 0 12 19 11 0 13 12 255644
62741 50000 100000
0 0 0 4 0 2 0 5 3 4 269550
52395 50000 100000
22 1 11 13 0 10 10 0 0 13 436261
33653 50000 100000
0 1 0 0 1 0 0 0 1 0 209807
2987 50000 100000
7 8 12 0 0 0 8 0 0 7 325647
59676 50000 100000
0 5 9 0 0 0 0 4 4 7 295017

